[MESH]
[VERTEX]
-1.67, -0.42, -0.7, 0.005, 0.000
-1.62,  0.06, -0.7, 0.018, 0.527
-0.65,  0.19, -0.7, 0.308, 0.659
-0.14,  0.50, -0.7, 0.459, 1.000
 0.71,  0.50, -0.7, 0.712, 1.000
 1.25,  0.24, -0.7, 0.871, 0.718
 1.65,  0.20, -0.7, 0.988, 0.670
 1.69, -0.42, -0.7, 1.000, 0.000
-1.67, -0.42, -0.7, 0.005, 0.000
[INDEX]
0,1,2, 0,2,7, 2,5,7, 2,3,4, 2,4,5, 5,6,7
[TEXTURE]
textures/car-side1.png
[MESH]
[VERTEX]
-1.67, -0.42, 0.7, 0.005, 0.000
-1.62,  0.06, 0.7, 0.018, 0.527
-0.65,  0.19, 0.7, 0.308, 0.659
-0.14,  0.50, 0.7, 0.459, 1.000
 0.71,  0.50, 0.7, 0.712, 1.000
 1.25,  0.24, 0.7, 0.871, 0.718
 1.65,  0.20, 0.7, 0.988, 0.670
 1.69, -0.42, 0.7, 1.000, 0.000
-1.67, -0.42, 0.7, 0.005, 0.000
[INDEX]
0,1,2, 0,2,7, 2,5,7, 2,3,4, 2,4,5, 5,6,7
[TEXTURE]
textures/car-side2.png
